4294967278,47
4294967278,46
4294967278,45
4294967278,44
4294967278,43
4294967278,42
4294967278,227
4294967278,224
4294967278,222
4294967278,214
4294967278,218
4294967278,216
4294967278,215
4294967278,350
4294967278,212
4294967278,211
11,0
4294967278,328
4294967278,207
4294967278,206
4294967278,205
4294967278,203
4294967279,423
4294967278,349
4294967278,323
3,4
4294967279,56
4294967279,55
4294967279,53
4294967279,52
4294967279,51
4294967279,50
4294967279,48
4294967279,47
4294967279,46
4294967279,44
4294967279,43
4294967279,41
4294967278,199
4294967294,186
4294967279,422
4294967294,107
4294967294,1066
4294967294,182
4294967294,438
4294967294,1069
4294967294,1072
4294967294,92
4294967294,90
4294967294,88
4294967294,86
4294967294,84
4294967294,29
4294967294,53
4294967294,392
4294967294,115
4294967294,114
4294967294,393
4294967294,45
4294967294,38
4294967279,421
4294967279,420
4294967294,36
4294967279,39
4294967279,38
4294967279,36
4294967279,34
4294967279,32
4294967279,31
4294967279,30
4294967279,29
6,4
4294967294,39
4294967294,42
4294967294,99
4294967294,76
4294967294,41
4294967294,61
4294967294,1421
4294967294,44
4294967294,417
4294967294,52
4294967294,1419
4294967279,26
4294967279,25
4294967279,24
4294967279,23
4294967279,21
4294967279,20
4294967279,18
4294967279,17
4294967279,15
4294967279,11
4294967279,10
4294967294,5
4294967278,132
4294967278,131
4294967278,130
4294967278,129
4294967278,128
4294967278,127
4294967278,126
4294967278,125
4294967278,124
4294967278,123
4294967278,122
4294967278,121
4294967278,120
4294967278,119
4294967278,118
4294967278,117
4294967278,116
4294967278,115
4294967278,114
4294967278,113
4294967278,112
4294967278,111
4294967278,110
4294967278,109
4294967278,108
4294967278,107
4294967278,106
4294967278,105
4294967278,104
4294967278,103
4294967278,102
4294967278,101
4294967278,100
4294967278,99
4294967278,98
4294967278,97
4294967278,96
4294967278,95
4294967278,94
4294967278,93
4294967278,92
4294967278,91
4294967278,90
4294967278,89
4294967278,87
4294967278,86
4294967278,85
4294967278,84
4294967278,83
4294967278,82
4294967278,81
4294967278,80
4294967278,77
4294967278,75
4294967278,74
4294967278,73
4294967278,72
4294967278,71
4294967278,64
4294967278,62
4294967278,61
4294967278,60
4294967278,59
4294967278,58
4294967278,57
4294967278,53
4294967278,51
4294967278,50
4294967278,49
4294967278,48
4294967278,260
4294967279,57
4294967279,54
4294967279,49
4294967279,174
4294967279,260
4294967279,42
4294967279,37
4294967279,35
4294967279,33
4294967279,27
4294967279,22
4294967279,316
4294967279,19
4294967279,16
4294967279,14
4294967279,13
4294967279,12
4294967279,402
4294967279,9
4294967279,8
4294967279,7
4294967279,6
4294967279,5
4294967279,4
4294967279,419
4294967279,418
4294967294,81
4294967294,50
4294967294,156
4294967294,1163
4294967294,89
4294967278,348
4294967278,347
4294967278,79
4294967279,417
6,3
4294967278,191
4294967278,346
4294967278,78
4294967279,416
4294967278,190
4294967278,189
4294967278,345
4294967278,76
4294967279,415
4294967279,0
4294967278,188
4294967278,186
4294967278,183
11,6
4294967278,185
11,5
11,4
4294967294,8
4294967278,184
11,3
11,2
11,1
4294967278,344
4294967278,70
4294967294,430
4294967294,7
4294967278,343
4294967278,69
4294967294,22
4294967278,180
4294967278,342
4294967278,67
4294967278,341
4294967278,68
4294967279,414
4294967278,66
4294967278,334
4294967294,413
4294967294,407
4294967294,179
4294967294,178
4294967294,421
4294967294,384
4294967294,113
4294967278,65
4294967278,322
4294967278,63
4294967278,321
4294967278,175
4294967278,173
10,6
4294967278,172
10,2
10,1
4294967279,413
4294967278,171
4294967294,390
4294967279,312
4294967278,56
4294967278,313
4294967279,412
4294967278,55
4294967278,312
4294967278,54
4294967278,311
4294967278,165
4294967278,164
4294967278,340
4294967278,52
4294967279,165
4294967278,163
4294967278,162
4294967279,160
4294967278,161
9,6
4294967279,162
9,5
9,4
9,3
9,2
9,1
4294967279,384
4294967279,305
4294967279,45
4294967294,475
4294967294,389
4294967294,387
4294967279,302
4294967279,40
4294967279,411
4294967279,410
4294967278,339
4294967279,149
4294967278,338
4294967279,409
4294967294,94
4294967294,96
8,6
8,5
8,4
8,2
